0.194743, 0.772583, -0.604311, -135.56
-0.971111, 0.238493, -0.00804454, -261.05
0.137909, 0.588419, 0.796708, -1802.07
0, 0, 0, 1

0.396661, 0.900963, -0.175856, -97.7
-0.917537, 0.383284, -0.105917, -226.03
-0.0280242, 0.203368, 0.978701, -1894.48
0, 0, 0, 1

0.425475, 0.853715, -0.300236, -185.4
-0.904779, 0.408105, -0.121758, -235.38
0.0185811, 0.323452, 0.946062, -1910.7
0, 0, 0, 1

0.394738, 0.867568, -0.302501, -178.31
-0.908653, 0.319836, -0.268431, -332.62
-0.136132, 0.380828, 0.91457, -1884.95
0, 0, 0, 1

0.210538, 0.974663, 0.0755311, -133.18
-0.976719, 0.212975, -0.0257254, -288.38
-0.0411598, -0.0683564, 0.996812, -2020.78
0, 0, 0, 1

0.500978, 0.845477, 0.184905, -166.73
-0.838518, 0.527069, -0.138155, -211.58
-0.214264, -0.0858333, 0.972997, -2023.86
0, 0, 0, 1

0.603755, 0.737617, -0.302326, -204.2
-0.762622, 0.424, -0.4885, -243.45
-0.23214, 0.525494, 0.818515, -1871.06
0, 0, 0, 1

0.546857, 0.834054, 0.0728138, -216.47
-0.831537, 0.551205, -0.0687047, -203.53
-0.0974387, -0.0229757, 0.994976, -1993.43
0, 0, 0, 1

0.560078, 0.807914, 0.183268, -237.27
-0.828217, 0.551188, 0.101234, -49.66
-0.0192268, -0.208485, 0.977837, -2106.8
0, 0, 0, 1

0.689987, 0.718399, -0.088431, -401.85
-0.708185, 0.695282, 0.12271, -103.38
0.149639, -0.0220427, 0.988495, -2194.45
0, 0, 0, 1

0.905908, 0.401153, -0.135674, -189.51
-0.41668, 0.787224, -0.454593, -97.46
-0.0755558, 0.468352, 0.880305, -2147.54
0, 0, 0, 1

0.955977, -0.292013, -0.0289027, -322.62
0.290548, 0.955747, -0.0461481, 152.69
0.0410996, 0.0357189, 0.998516, -2114.97
0, 0, 0, 1